0
0.001
0.0010534479
0.0011097525
0.0011690664
0.0012315506
0.0012973744
0.0013667164
0.0014397645
0.0015167169
0.0015977822
0.0016831804
0.0017731428
0.0018679136
0.0019677497
0.0020729218
0.0021837151
0.0023004301
0.0024233833
0.0025529081
0.0026893557
0.0028330961
0.0029845192
0.0031440355
0.0033120776
0.0034891012
0.0036755864
0.0038720388
0.0040789912
0.0042970047
0.0045266706
0.0047686117
0.005023484
0.0052919787
0.0055748239
0.0058727866
0.0061866748
0.0065173396
0.0068656778
0.0072326339
0.0076192031
0.0080264335
0.0084554296
0.0089073546
0.0093834341
0.009884959
0.010413289
0.010969858
0.011556174
0.012173827
0.012824493
0.013509935
0.014232013
0.014992684
0.015794012
0.016638169
0.017527444
0.018464249
0.019451125
0.020490747
0.021585934
0.022739658
0.023955045
0.025235392
0.026584171
0.028005039
0.02950185
0.031078662
0.032739751
0.034489623
0.036333021
0.038274945
0.040320661
0.042475716
0.044745954
0.047137531
0.049656934
0.052310993
0.055106906
0.058052255
0.061155027
0.064423635
0.067866944
0.07149429
0.07531551
0.079340967
0.083581575
0.088048836
0.092754862
0.097712415
0.10293494
0.1084366
0.11423231
0.12033778
0.12676959
0.13354516
0.14068287
0.14820207
0.15612316
0.16446762
0.17325807
0.18251835
0.19227357
0.20255019
0.21337608
0.22478058
0.23679464
0.24945081
0.26278344
0.27682866
0.29162458
0.3072113
0.3236311
0.34092851
0.35915042
0.37834626
0.39856808
0.41987071
0.44231192
0.46595257
0.49085676
0.51709202
0.54472951
0.57384416
0.60451494
0.63682499
0.67086196
0.70671813
0.74449073
0.78428221
0.82620045
0.87035914
0.91687801
0.96588322
1.0175077
1.0718913
1.1291817
1.1895341
1.2531122
1.3200884
1.3906444
1.4649714
1.5432711
1.6257557
1.7126489
1.8041864
1.9006164
2.0022004
2.1092138
2.2219469
2.3407053
2.4658111
2.5976035
2.73644
2.882697
3.0367711
3.1990802
3.3700643
3.5501872
3.7399373
3.9398291
4.1504048
4.3722352
4.605922
4.8520989
5.1114335
5.3846289
5.6724261
5.9756054
6.294989
6.631443
6.9858797
7.3592604
7.7525975
8.1669576
8.6034644
9.0633016
9.5477161
10.058022
10.595602
11.161915
11.758496
12.386963
13.04902
13.746463
14.481182
15.255171
16.070528
16.929464
17.834309
18.787515
19.791669
20.849492
21.963854
23.137776
24.374442
25.677204
27.049597
28.495342
30.018358
31.622777
